[1, 71, 0.29413889670519905]
[10, 26, 0.25925089324744494]
[11, 12, 0.7862752909375923]
[12, 11, 0.7862752909375923]
[13, 116, 0.43393904636296515]
[15, 84, 0.13218674136785413]
[16, 144, 0.06868566289386696]
[17, 124, 0.38266039817379827]
[18, 1, 0.2522010362217541]
[19, 116, 0.08792243375033697]
[20, 26, 0.3741894302204283]
[21, 71, 0.2025877310849831]
[22, 16, 0.02951038820060163]
[23, 47, 0.012887308762755383]
[24, 113, 0.08165923808192256]
[26, 100, 0.5163809505166496]
[27, 107, 0.9329951873182621]
[32, 84, 0.0786512302618102]
[35, 84, 0.3045838631364318]
[36, 35, 0.17475726617620804]
[41, 116, 0.17995172610489968]
[43, 71, 0.15000377585229696]
[44, 166, 0.08917524578068717]
[45, 51, 0.3102810933865985]
[46, 93, 0.028058819328787572]
[47, 51, 0.27382913337717607]
[51, 45, 0.3102810933865985]
[55, 21, 0.07769076288430599]
[60, 84, 0.10423428685318913]
[70, 76, 0.039057483906256976]
[71, 116, 0.6473410656762751]
[72, 36, 0.0990519591390574]
[74, 93, 0.4003057589805015]
[76, 86, 0.1409532920167587]
[77, 84, 0.10003742825116141]
[78, 11, 0.11949772917461789]
[82, 135, 0.09940890591694473]
[83, 71, 0.055030667593893155]
[84, 35, 0.3045838631364318]
[86, 76, 0.1409532920167587]
[91, 93, 0.3335080351726534]
[93, 74, 0.4003057589805015]
[94, 102, 0.13488437310560386]
[95, 84, 0.15647628847476883]
[98, 84, 0.119242753257878]
[100, 26, 0.5163809505166496]
[102, 94, 0.13488437310560386]
[103, 84, 0.041103590098450736]
[107, 27, 0.9329951873182621]
[108, 84, 0.16151088532494004]
[110, 84, 0.12233629563965502]
[111, 93, 0.08626886145608836]
[113, 26, 0.10636509217369988]
[116, 71, 0.6473410656762751]
[119, 84, 0.10315239148121674]
[120, 84, 0.21962505875529162]
[121, 27, 0.08354288352293278]
[122, 84, 0.10783276577660904]
[124, 17, 0.38266039817379827]
[125, 93, 0.06514940647195959]
[131, 147, 0.0708517884206608]
[132, 147, 0.014999535953067081]
[133, 145, 0.19312666606681567]
[134, 84, 0.3011692793273215]
[135, 84, 0.14455219344001935]
[137, 86, 0.014294741653165759]
[140, 84, 0.07360161307389619]
[141, 84, 0.14610503697410585]
[142, 84, 0.19499626854618882]
[143, 84, 0.1531035810259854]
[144, 155, 0.23043041708017475]
[145, 133, 0.19312666606681567]
[147, 131, 0.0708517884206608]
[149, 84, 0.23509128778907168]
[153, 84, 0.12716214570867837]
[155, 144, 0.23043041708017475]
[158, 84, 0.10110739080177597]
[160, 166, 0.07624168473523463]
[161, 84, 0.1038871499339561]
[163, 21, 0.08073533506774462]
[165, 133, 0.03424745676930366]
[166, 144, 0.12629782536132145]
[167, 84, 0.06078164659878251]
[171, 179, 0.209153444520443]
[174, 84, 0.1350788366706732]
[176, 84, 0.07189920284759656]
[177, 84, 0.08966074620991847]
[178, 179, 0.07479282315957579]
[179, 171, 0.209153444520443]