[1, 71, 0.7450954018112348]
[10, 124, 0.5458629903220972]
[11, 12, 0.9593730456037145]
[12, 11, 0.9593730456037145]
[13, 116, 0.8266688151224086]
[15, 120, 0.8449531683727914]
[16, 144, 0.8717132332742366]
[17, 149, 0.6702135441819352]
[18, 1, 0.735554978766833]
[19, 21, 0.7593947155651797]
[20, 26, 0.9483757057665854]
[21, 133, 0.8642994106377614]
[22, 76, 0.7644586472209124]
[23, 76, 0.7127109556739538]
[24, 153, 0.9158422008120104]
[26, 20, 0.9483757057665854]
[27, 107, 0.9891885022908915]
[32, 93, 0.7364293620655049]
[35, 84, 0.8908987375025451]
[36, 35, 0.8908657502444074]
[41, 21, 0.7887959795794655]
[43, 108, 0.9126803839011589]
[44, 166, 0.9271901447404627]
[45, 51, 0.8979271642341828]
[46, 108, 0.6888683742574997]
[47, 76, 0.7434282973745815]
[51, 45, 0.8979271642341828]
[55, 142, 0.8315956301754169]
[60, 143, 0.9169444482898161]
[70, 71, 0.5297878143398093]
[71, 13, 0.8157786999578412]
[72, 78, 0.8144119562505555]
[74, 133, 0.885554009935236]
[76, 132, 0.7684503248695964]
[77, 133, 0.8913215040617519]
[78, 77, 0.8250655604110672]
[82, 135, 0.73450021653218]
[83, 77, 0.7332525588029815]
[84, 95, 0.9016317661669738]
[86, 76, 0.6407930696494719]
[91, 93, 0.7578365633877705]
[93, 74, 0.8257328256412495]
[94, 24, 0.9062529596431474]
[95, 84, 0.9016317661669738]
[98, 133, 0.9118001861129188]
[100, 84, 0.814129285994606]
[102, 133, 0.8274381997779316]
[103, 98, 0.7840317338405307]
[107, 27, 0.9891885022908915]
[108, 43, 0.9126803839011589]
[110, 143, 0.942286010131354]
[111, 133, 0.8236234030569128]
[113, 166, 0.8801271344209585]
[116, 13, 0.8266688151224086]
[119, 15, 0.8125993227254851]
[120, 108, 0.9126754496493034]
[121, 166, 0.6949889072588894]
[122, 143, 0.879989639171547]
[124, 17, 0.5989139463158806]
[125, 144, 0.8532347263151528]
[131, 132, 0.6654244724264465]
[132, 76, 0.7684503248695964]
[133, 98, 0.9118001861129188]
[134, 84, 0.8948141152268323]
[135, 133, 0.8220457918054458]
[137, 76, 0.6026854033668583]
[140, 133, 0.7992037785893191]
[141, 161, 0.9490878411857253]
[142, 153, 0.9266343949626159]
[143, 110, 0.942286010131354]
[144, 110, 0.917759174702508]
[145, 141, 0.8462252261015096]
[147, 132, 0.7528074091628105]
[149, 84, 0.8761126795342383]
[153, 143, 0.9393753535810132]
[155, 108, 0.8813448680286879]
[158, 141, 0.9274025336243191]
[160, 166, 0.8910367295254108]
[161, 141, 0.9490878411857253]
[163, 132, 0.6509437141071991]
[165, 98, 0.7009470453799331]
[166, 44, 0.9271901447404627]
[167, 83, 0.5509594400237575]
[171, 161, 0.8958610423214602]
[174, 108, 0.8614504066926918]
[176, 153, 0.9180183266075262]
[177, 176, 0.9092200917950388]
[178, 60, 0.8289799284772964]
[179, 143, 0.8673377609607896]
